# Created by Octave 4.0.2, Fri Aug 19 06:29:24 2016 PDT <louis@ubuntu>
# name: A
# type: matrix
# rows: 1
# columns: 3
 1 2 3


# name: B
# type: scalar
5


