# Created by Octave 4.0.2, Sat Sep 17 05:30:55 2016 PDT <louis@ubuntu>
# name: data
# type: matrix
# rows: 30
# columns: 3
 110 99.90000000000001 67
 106.7 100.1 56
 105.2 102.3 50
 104 101.8 45
 104 100.9 49
 103.9 100.5 56
 103.2 97 55
 103.1 98.7 53
 102.8 98.59999999999999 51
 102.5 97.09999999999999 60
 102.4 103.3 39
 101.5 105 30
 101.4 101.2 40
 101.3 105 29
 100.8 97.8 50
 99.40000000000001 98.59999999999999 45
 98.5 105.3 21
 98.5 97.8 46
 98.5 99.5 32
 98.3 95.09999999999999 55
 98 100.9 38
 97.8 97.40000000000001 41
 97.8 106.5 16
 97.3 97 38
 95.7 101.4 25
 95.09999999999999 94.90000000000001 38
 94.7 97.3 37
 94.2 97.3 33
 92 101 18
 91.90000000000001 101.2 17


